6
top
31
0.0245962
-0.0472951
0.0724514
-0.0761177
-0.0318314
-0.0697065
-0.0303242
-0.00301712
0.0137749
-0.0290171
-0.0285963
0.0352969
0.0278541
-0.0369159
-0.00725612
-0.00545301
-0.0497585
0.0255183
-0.0207984
-0.0484692
0.0285618
0.0175163
0.0613043
0.0191419
-0.00576624
0.0320073
0.00854299
0.0347988
-0.0727121
0.0596699
-0.0699699
0.03
pantalon
31
0.144426
0.0317098
-0.0378548
0.00299001
-0.0830467
0.133962
-0.0631862
0.0468206
0.0144056
0.17383
-0.0673855
-0.0155131
0.0248787
0.00662404
-0.0605663
0.10512
0.0761272
-0.126446
-0.0294646
-0.0574074
-0.0392312
-0.02418
0.0331088
-0.154044
-0.0842151
-0.0199903
0.0845665
0.0408713
0.113926
-0.139835
0.106699
-0.01
vestido
31
0.159102
0.156024
-0.404068
0.185782
0.16653
0.0544956
-0.108792
0.00233151
-0.112469
-0.111513
-0.0664679
0.0274815
-0.049957
0.00498604
0.0184054
-0.0763936
0.042388
0.0769345
-0.0140732
-0.00126662
2.26055e-005
-0.0245212
-0.0483098
0.0754963
-0.0409324
-0.013825
0.0427804
-0.0905088
-0.0089954
0.0241997
-0.0295338
-0.05
falda
31
-0.114086
-0.131971
0.145271
0.0235059
0.0324412
-0.257897
0.119298
0.0091302
0.0511205
-0.0413014
-0.039707
0.0880159
0.0762482
-0.0623256
0.00294605
0.0886183
-0.10213
-0.0171709
-0.0627841
0.0350098
-0.081454
-0.045517
-0.0591397
-0.215988
-0.00691666
0.0664115
-0.055583
0.0457
0.0416311
-0.0100731
0.0534394
-0.07
short
31
-0.359291
0.159026
-0.0439954
-0.0859108
0.135294
0.122085
-0.0831928
-0.00349749
-0.00184665
-0.146226
0.115247
-0.0911387
-0.0703981
0.122308
-0.0134372
-0.0782004
0.0801912
-0.0802668
0.0932828
0.0892579
-0.00731435
-0.0893219
-0.0250635
0.0949681
0.00308089
-0.00579644
-0.124665
0.00504127
0.00438713
-0.0719109
0.0121015
0.01
otro
31
-0.0473694
-0.0674237
-0.0828901
-0.0142618
0.0665997
-0.0922907
-0.0411276
-0.0871884
-0.0183245
-0.0526733
0.0120505
-0.0316077
-0.0612323
-0.0727276
0.0398628
-0.046293
0.0560395
-0.0870858
-0.0251762
0.0668868
-0.0302722
0.00712118
0.0307875
-0.0922522
0.0674168
-0.0729487
-0.0140146
0.0653741
0.0696008
-0.0199928
-0.0382558
-0.04
